avg_delay = [0.016013987, 0.04282082, 0.09351047666666665, 0.14117032000000002, 0.1610372]

avg_energy1 = [0.539234, 0.22702983333333338, 0.15128509999999998, 0.1393967766666667, 0.10398844]









